Time elapsed in milliseconds: 694
Aggregated results: 
0.2653572357801452
1.6286066717388548
0.7329129279089195
4.6310084854755935
0.5199191871508516
0.2653572357801452
1.6286066717388548
0.7329129279089195
0.2653572357801452
1.6286066717388548
4.6310084854755935
0.5199191871508516
0.2653572357801452
1.6286066717388548
0.7329129279089195
4.6310084854755935
0.5199191871508516
0.2653572357801452
1.6286066717388548
0.7329129279089195
4.6310084854755935
0.5199191871508516
0.2653572357801452
1.6286066717388548
4.6310084854755935
0.5199191871508516
0.2653572357801452
1.6286066717388548
0.7329129279089195
4.6310084854755935
0.5199191871508516
0.2653572357801452
1.6286066717388548
4.6310084854755935
0.5199191871508516
0.2653572357801452
1.6286066717388548
0.7329129279089195
0.2653572357801452
1.6286066717388548
4.6310084854755935
0.5199191871508516
0.2653572357801452
1.6286066717388548
0.7329129279089195
4.6310084854755935
0.5199191871508516
0.2653572357801452
1.6286066717388548
0.7329129279089195
4.6310084854755935
0.5199191871508516
0.2653572357801452
1.6286066717388548
0.7329129279089195
0.2653572357801452
1.6286066717388548
0.7329129279089195
4.6310084854755935
0.5199191871508516
0.2653572357801452
1.6286066717388548
0.7329129279089195
4.6310084854755935
0.5199191871508516
0.2653572357801452
4.6310084854755935
0.5199191871508516
0.2653572357801452
1.6286066717388548
1.6286066717388548
0.7329129279089195
4.6310084854755935
4.6310084854755935
0.5199191871508516
0.2653572357801452
1.6286066717388548
1.6286066717388548
0.7329129279089195
4.6310084854755935
0.5199191871508516
0.2653572357801452
1.6286066717388548
4.6310084854755935
0.5199191871508516
0.2653572357801452
1.6286066717388548
0.2653572357801452
1.6286066717388548
4.6310084854755935
0.5199191871508516
0.2653572357801452
1.6286066717388548
0.7329129279089195
0.2653572357801452
1.6286066717388548
4.6310084854755935
0.5199191871508516
0.2653572357801452

Raw values returned by Fuzzy Agents:
[0.06318225901452304, 0.004938168098433434, 0.019094098866101694, 4.997722284665931, 0.014498986527451898, 0.06318225901452304, 0.004938168098433434, 0.019094098866101694, 0.06318225901452304, 0.004938168098433434, 4.997722284665931, 0.014498986527451898, 0.06318225901452304, 0.004938168098433434, 0.019094098866101694, 4.997722284665931, 0.014498986527451898, 0.06318225901452304, 0.004938168098433434, 0.019094098866101694, 4.997722284665931, 0.014498986527451898, 0.06318225901452304, 0.004938168098433434, 4.997722284665931, 0.014498986527451898, 0.06318225901452304, 0.004938168098433434, 0.019094098866101694, 4.997722284665931, 0.014498986527451898, 0.06318225901452304, 0.004938168098433434, 4.997722284665931, 0.014498986527451898, 0.06318225901452304, 0.004938168098433434, 0.019094098866101694, 0.06318225901452304, 0.004938168098433434, 4.997722284665931, 0.014498986527451898, 0.06318225901452304, 0.004938168098433434, 0.019094098866101694, 4.997722284665931, 0.014498986527451898, 0.06318225901452304, 0.004938168098433434, 0.019094098866101694, 4.997722284665931, 0.014498986527451898, 0.06318225901452304, 0.004938168098433434, 0.019094098866101694, 0.06318225901452304, 0.004938168098433434, 0.019094098866101694, 4.997722284665931, 0.014498986527451898, 0.06318225901452304, 0.004938168098433434, 0.019094098866101694, 4.997722284665931, 0.014498986527451898, 0.06318225901452304, 4.997722284665931, 0.014498986527451898, 0.06318225901452304, 0.004938168098433434, 0.004938168098433434, 0.019094098866101694, 4.997722284665931, 4.997722284665931, 0.014498986527451898, 0.06318225901452304, 0.004938168098433434, 0.004938168098433434, 0.019094098866101694, 4.997722284665931, 0.014498986527451898, 0.06318225901452304, 0.004938168098433434, 4.997722284665931, 0.014498986527451898, 0.06318225901452304, 0.004938168098433434, 0.06318225901452304, 0.004938168098433434, 4.997722284665931, 0.014498986527451898, 0.06318225901452304, 0.004938168098433434, 0.019094098866101694, 0.06318225901452304, 0.004938168098433434, 4.997722284665931, 0.014498986527451898, 0.06318225901452304]
[0.06318225901452304, 0.004938168098433434, 0.019094098866101694, 4.997722284665931, 0.014498986527451898, 0.06318225901452304, 0.004938168098433434, 0.019094098866101694, 0.06318225901452304, 0.004938168098433434, 4.997722284665931, 0.014498986527451898, 0.06318225901452304, 0.004938168098433434, 0.019094098866101694, 4.997722284665931, 0.014498986527451898, 0.06318225901452304, 0.004938168098433434, 0.019094098866101694, 4.997722284665931, 0.014498986527451898, 0.06318225901452304, 0.004938168098433434, 4.997722284665931, 0.014498986527451898, 0.06318225901452304, 0.004938168098433434, 0.019094098866101694, 4.997722284665931, 0.014498986527451898, 0.06318225901452304, 0.004938168098433434, 4.997722284665931, 0.014498986527451898, 0.06318225901452304, 0.004938168098433434, 0.019094098866101694, 0.06318225901452304, 0.004938168098433434, 4.997722284665931, 0.014498986527451898, 0.06318225901452304, 0.004938168098433434, 0.019094098866101694, 4.997722284665931, 0.014498986527451898, 0.06318225901452304, 0.004938168098433434, 0.019094098866101694, 4.997722284665931, 0.014498986527451898, 0.06318225901452304, 0.004938168098433434, 0.019094098866101694, 0.06318225901452304, 0.004938168098433434, 0.019094098866101694, 4.997722284665931, 0.014498986527451898, 0.06318225901452304, 0.004938168098433434, 0.019094098866101694, 4.997722284665931, 0.014498986527451898, 0.06318225901452304, 4.997722284665931, 0.014498986527451898, 0.06318225901452304, 0.004938168098433434, 0.004938168098433434, 0.019094098866101694, 4.997722284665931, 4.997722284665931, 0.014498986527451898, 0.06318225901452304, 0.004938168098433434, 0.004938168098433434, 0.019094098866101694, 4.997722284665931, 0.014498986527451898, 0.06318225901452304, 0.004938168098433434, 4.997722284665931, 0.014498986527451898, 0.06318225901452304, 0.004938168098433434, 0.06318225901452304, 0.004938168098433434, 4.997722284665931, 0.014498986527451898, 0.06318225901452304, 0.004938168098433434, 0.019094098866101694, 0.06318225901452304, 0.004938168098433434, 4.997722284665931, 0.014498986527451898, 0.06318225901452304]
[0.4779852562401197, 2.242051789873884, 1.37739242179394, 4.78571835056095, 0.8290595883749091, 0.4779852562401197, 2.242051789873884, 1.37739242179394, 0.4779852562401197, 2.242051789873884, 4.78571835056095, 0.8290595883749091, 0.4779852562401197, 2.242051789873884, 1.37739242179394, 4.78571835056095, 0.8290595883749091, 0.4779852562401197, 2.242051789873884, 1.37739242179394, 4.78571835056095, 0.8290595883749091, 0.4779852562401197, 2.242051789873884, 4.78571835056095, 0.8290595883749091, 0.4779852562401197, 2.242051789873884, 1.37739242179394, 4.78571835056095, 0.8290595883749091, 0.4779852562401197, 2.242051789873884, 4.78571835056095, 0.8290595883749091, 0.4779852562401197, 2.242051789873884, 1.37739242179394, 0.4779852562401197, 2.242051789873884, 4.78571835056095, 0.8290595883749091, 0.4779852562401197, 2.242051789873884, 1.37739242179394, 4.78571835056095, 0.8290595883749091, 0.4779852562401197, 2.242051789873884, 1.37739242179394, 4.78571835056095, 0.8290595883749091, 0.4779852562401197, 2.242051789873884, 1.37739242179394, 0.4779852562401197, 2.242051789873884, 1.37739242179394, 4.78571835056095, 0.8290595883749091, 0.4779852562401197, 2.242051789873884, 1.37739242179394, 4.78571835056095, 0.8290595883749091, 0.4779852562401197, 4.78571835056095, 0.8290595883749091, 0.4779852562401197, 2.242051789873884, 2.242051789873884, 1.37739242179394, 4.78571835056095, 4.78571835056095, 0.8290595883749091, 0.4779852562401197, 2.242051789873884, 2.242051789873884, 1.37739242179394, 4.78571835056095, 0.8290595883749091, 0.4779852562401197, 2.242051789873884, 4.78571835056095, 0.8290595883749091, 0.4779852562401197, 2.242051789873884, 0.4779852562401197, 2.242051789873884, 4.78571835056095, 0.8290595883749091, 0.4779852562401197, 2.242051789873884, 1.37739242179394, 0.4779852562401197, 2.242051789873884, 4.78571835056095, 0.8290595883749091, 0.4779852562401197]
[0.3809300782299325, 2.006420489389914, 0.9862308186290715, 4.686976059331803, 0.7873646015552954, 0.3809300782299325, 2.006420489389914, 0.9862308186290715, 0.3809300782299325, 2.006420489389914, 4.686976059331803, 0.7873646015552954, 0.3809300782299325, 2.006420489389914, 0.9862308186290715, 4.686976059331803, 0.7873646015552954, 0.3809300782299325, 2.006420489389914, 0.9862308186290715, 4.686976059331803, 0.7873646015552954, 0.3809300782299325, 2.006420489389914, 4.686976059331803, 0.7873646015552954, 0.3809300782299325, 2.006420489389914, 0.9862308186290715, 4.686976059331803, 0.7873646015552954, 0.3809300782299325, 2.006420489389914, 4.686976059331803, 0.7873646015552954, 0.3809300782299325, 2.006420489389914, 0.9862308186290715, 0.3809300782299325, 2.006420489389914, 4.686976059331803, 0.7873646015552954, 0.3809300782299325, 2.006420489389914, 0.9862308186290715, 4.686976059331803, 0.7873646015552954, 0.3809300782299325, 2.006420489389914, 0.9862308186290715, 4.686976059331803, 0.7873646015552954, 0.3809300782299325, 2.006420489389914, 0.9862308186290715, 0.3809300782299325, 2.006420489389914, 0.9862308186290715, 4.686976059331803, 0.7873646015552954, 0.3809300782299325, 2.006420489389914, 0.9862308186290715, 4.686976059331803, 0.7873646015552954, 0.3809300782299325, 4.686976059331803, 0.7873646015552954, 0.3809300782299325, 2.006420489389914, 2.006420489389914, 0.9862308186290715, 4.686976059331803, 4.686976059331803, 0.7873646015552954, 0.3809300782299325, 2.006420489389914, 2.006420489389914, 0.9862308186290715, 4.686976059331803, 0.7873646015552954, 0.3809300782299325, 2.006420489389914, 4.686976059331803, 0.7873646015552954, 0.3809300782299325, 2.006420489389914, 0.3809300782299325, 2.006420489389914, 4.686976059331803, 0.7873646015552954, 0.3809300782299325, 2.006420489389914, 0.9862308186290715, 0.3809300782299325, 2.006420489389914, 4.686976059331803, 0.7873646015552954, 0.3809300782299325]
[0.4779852562401197, 2.242051789873884, 1.37739242179394, 4.78571835056095, 0.8290595883749091, 0.4779852562401197, 2.242051789873884, 1.37739242179394, 0.4779852562401197, 2.242051789873884, 4.78571835056095, 0.8290595883749091, 0.4779852562401197, 2.242051789873884, 1.37739242179394, 4.78571835056095, 0.8290595883749091, 0.4779852562401197, 2.242051789873884, 1.37739242179394, 4.78571835056095, 0.8290595883749091, 0.4779852562401197, 2.242051789873884, 4.78571835056095, 0.8290595883749091, 0.4779852562401197, 2.242051789873884, 1.37739242179394, 4.78571835056095, 0.8290595883749091, 0.4779852562401197, 2.242051789873884, 4.78571835056095, 0.8290595883749091, 0.4779852562401197, 2.242051789873884, 1.37739242179394, 0.4779852562401197, 2.242051789873884, 4.78571835056095, 0.8290595883749091, 0.4779852562401197, 2.242051789873884, 1.37739242179394, 4.78571835056095, 0.8290595883749091, 0.4779852562401197, 2.242051789873884, 1.37739242179394, 4.78571835056095, 0.8290595883749091, 0.4779852562401197, 2.242051789873884, 1.37739242179394, 0.4779852562401197, 2.242051789873884, 1.37739242179394, 4.78571835056095, 0.8290595883749091, 0.4779852562401197, 2.242051789873884, 1.37739242179394, 4.78571835056095, 0.8290595883749091, 0.4779852562401197, 4.78571835056095, 0.8290595883749091, 0.4779852562401197, 2.242051789873884, 2.242051789873884, 1.37739242179394, 4.78571835056095, 4.78571835056095, 0.8290595883749091, 0.4779852562401197, 2.242051789873884, 2.242051789873884, 1.37739242179394, 4.78571835056095, 0.8290595883749091, 0.4779852562401197, 2.242051789873884, 4.78571835056095, 0.8290595883749091, 0.4779852562401197, 2.242051789873884, 0.4779852562401197, 2.242051789873884, 4.78571835056095, 0.8290595883749091, 0.4779852562401197, 2.242051789873884, 1.37739242179394, 0.4779852562401197, 2.242051789873884, 4.78571835056095, 0.8290595883749091, 0.4779852562401197]
[0.3809300782299325, 2.006420489389914, 0.9862308186290715, 4.686976059331803, 0.7873646015552954, 0.3809300782299325, 2.006420489389914, 0.9862308186290715, 0.3809300782299325, 2.006420489389914, 4.686976059331803, 0.7873646015552954, 0.3809300782299325, 2.006420489389914, 0.9862308186290715, 4.686976059331803, 0.7873646015552954, 0.3809300782299325, 2.006420489389914, 0.9862308186290715, 4.686976059331803, 0.7873646015552954, 0.3809300782299325, 2.006420489389914, 4.686976059331803, 0.7873646015552954, 0.3809300782299325, 2.006420489389914, 0.9862308186290715, 4.686976059331803, 0.7873646015552954, 0.3809300782299325, 2.006420489389914, 4.686976059331803, 0.7873646015552954, 0.3809300782299325, 2.006420489389914, 0.9862308186290715, 0.3809300782299325, 2.006420489389914, 4.686976059331803, 0.7873646015552954, 0.3809300782299325, 2.006420489389914, 0.9862308186290715, 4.686976059331803, 0.7873646015552954, 0.3809300782299325, 2.006420489389914, 0.9862308186290715, 4.686976059331803, 0.7873646015552954, 0.3809300782299325, 2.006420489389914, 0.9862308186290715, 0.3809300782299325, 2.006420489389914, 0.9862308186290715, 4.686976059331803, 0.7873646015552954, 0.3809300782299325, 2.006420489389914, 0.9862308186290715, 4.686976059331803, 0.7873646015552954, 0.3809300782299325, 4.686976059331803, 0.7873646015552954, 0.3809300782299325, 2.006420489389914, 2.006420489389914, 0.9862308186290715, 4.686976059331803, 4.686976059331803, 0.7873646015552954, 0.3809300782299325, 2.006420489389914, 2.006420489389914, 0.9862308186290715, 4.686976059331803, 0.7873646015552954, 0.3809300782299325, 2.006420489389914, 4.686976059331803, 0.7873646015552954, 0.3809300782299325, 2.006420489389914, 0.3809300782299325, 2.006420489389914, 4.686976059331803, 0.7873646015552954, 0.3809300782299325, 2.006420489389914, 0.9862308186290715, 0.3809300782299325, 2.006420489389914, 4.686976059331803, 0.7873646015552954, 0.3809300782299325]
[0.1393313496360055, 2.2610162395931876, 0.5489343723465656, 4.053617247343689, 0.44875357214574985, 0.1393313496360055, 2.2610162395931876, 0.5489343723465656, 0.1393313496360055, 2.2610162395931876, 4.053617247343689, 0.44875357214574985, 0.1393313496360055, 2.2610162395931876, 0.5489343723465656, 4.053617247343689, 0.44875357214574985, 0.1393313496360055, 2.2610162395931876, 0.5489343723465656, 4.053617247343689, 0.44875357214574985, 0.1393313496360055, 2.2610162395931876, 4.053617247343689, 0.44875357214574985, 0.1393313496360055, 2.2610162395931876, 0.5489343723465656, 4.053617247343689, 0.44875357214574985, 0.1393313496360055, 2.2610162395931876, 4.053617247343689, 0.44875357214574985, 0.1393313496360055, 2.2610162395931876, 0.5489343723465656, 0.1393313496360055, 2.2610162395931876, 4.053617247343689, 0.44875357214574985, 0.1393313496360055, 2.2610162395931876, 0.5489343723465656, 4.053617247343689, 0.44875357214574985, 0.1393313496360055, 2.2610162395931876, 0.5489343723465656, 4.053617247343689, 0.44875357214574985, 0.1393313496360055, 2.2610162395931876, 0.5489343723465656, 0.1393313496360055, 2.2610162395931876, 0.5489343723465656, 4.053617247343689, 0.44875357214574985, 0.1393313496360055, 2.2610162395931876, 0.5489343723465656, 4.053617247343689, 0.44875357214574985, 0.1393313496360055, 4.053617247343689, 0.44875357214574985, 0.1393313496360055, 2.2610162395931876, 2.2610162395931876, 0.5489343723465656, 4.053617247343689, 4.053617247343689, 0.44875357214574985, 0.1393313496360055, 2.2610162395931876, 2.2610162395931876, 0.5489343723465656, 4.053617247343689, 0.44875357214574985, 0.1393313496360055, 2.2610162395931876, 4.053617247343689, 0.44875357214574985, 0.1393313496360055, 2.2610162395931876, 0.1393313496360055, 2.2610162395931876, 4.053617247343689, 0.44875357214574985, 0.1393313496360055, 2.2610162395931876, 0.5489343723465656, 0.1393313496360055, 2.2610162395931876, 4.053617247343689, 0.44875357214574985, 0.1393313496360055]
[0.1393313496360055, 2.2610162395931876, 0.5489343723465656, 4.053617247343689, 0.44875357214574985, 0.1393313496360055, 2.2610162395931876, 0.5489343723465656, 0.1393313496360055, 2.2610162395931876, 4.053617247343689, 0.44875357214574985, 0.1393313496360055, 2.2610162395931876, 0.5489343723465656, 4.053617247343689, 0.44875357214574985, 0.1393313496360055, 2.2610162395931876, 0.5489343723465656, 4.053617247343689, 0.44875357214574985, 0.1393313496360055, 2.2610162395931876, 4.053617247343689, 0.44875357214574985, 0.1393313496360055, 2.2610162395931876, 0.5489343723465656, 4.053617247343689, 0.44875357214574985, 0.1393313496360055, 2.2610162395931876, 4.053617247343689, 0.44875357214574985, 0.1393313496360055, 2.2610162395931876, 0.5489343723465656, 0.1393313496360055, 2.2610162395931876, 4.053617247343689, 0.44875357214574985, 0.1393313496360055, 2.2610162395931876, 0.5489343723465656, 4.053617247343689, 0.44875357214574985, 0.1393313496360055, 2.2610162395931876, 0.5489343723465656, 4.053617247343689, 0.44875357214574985, 0.1393313496360055, 2.2610162395931876, 0.5489343723465656, 0.1393313496360055, 2.2610162395931876, 0.5489343723465656, 4.053617247343689, 0.44875357214574985, 0.1393313496360055, 2.2610162395931876, 0.5489343723465656, 4.053617247343689, 0.44875357214574985, 0.1393313496360055, 4.053617247343689, 0.44875357214574985, 0.1393313496360055, 2.2610162395931876, 2.2610162395931876, 0.5489343723465656, 4.053617247343689, 4.053617247343689, 0.44875357214574985, 0.1393313496360055, 2.2610162395931876, 2.2610162395931876, 0.5489343723465656, 4.053617247343689, 0.44875357214574985, 0.1393313496360055, 2.2610162395931876, 4.053617247343689, 0.44875357214574985, 0.1393313496360055, 2.2610162395931876, 0.1393313496360055, 2.2610162395931876, 4.053617247343689, 0.44875357214574985, 0.1393313496360055, 2.2610162395931876, 0.5489343723465656, 0.1393313496360055, 2.2610162395931876, 4.053617247343689, 0.44875357214574985, 0.1393313496360055]
